359
361
362
364
365
368
369
370
372
373
374
375
377
378
379
380
382
384
386
388
389
390
391
393
394
395
396
399
400
402
404
405
406
407
409
410
411
414
415
416
417
419
421
422
425
427
428
430
431
434
435
436
437
439
440
443
445
446
447
448
450
451
453
454
455
456
458
459
460
462
463
465
467
468
469
470
471
472
473
475
477
478
479
481
482
484
488
489
490
491
492
493
494
496
497
498
499
500
502
504
505
506
507
508
509
510
511
512
514
515
516
517
521
522
524
525
526
528
529
531
532
533
534
535
536
537
538
539
540
541
542
543
545
546
547
549
550
551
555
557
558
559
560
561
563
564
565
567
568
569
570
571
572
574
575
576
577
578
580
583
585
586
587
588
589
590
591
592
593
595
596
597
599
601
603
604
606
608
611
612
614
615
618
619
620
621
622
626
627
628
632
636
637
638
640
641
642
644
645
646
647
648
649
650
651
652
654
655
656
657
661
662
663
664
667
670
671
672
673
674
676
678
679
682
685
687
688
690
691
692
693
694
695
696
697
698
699
700
702
703
706
707
708
709
710
711
712
